
                  X                  c1                 c3                 c5                 c7                 c9                 d1                 d3                 d5                 d7                 d9       

                0.                 4.62771            0.                 0.                 0.                 0.                 0.                 0.                 0.                 0.                 0.         
              750.259E-09        360.415              0.                 0.                 0.                 0.                15.0046E-06         0.                 0.                 0.                 0.         
                1.50279E-06      976.46               0.                 0.                 0.                 0.                29.7221E-06         0.                 0.                 0.                 0.         
                2.25097E-06        1.73919E+03        0.                 0.                 0.                 0.                43.2434E-06        23.4195E-12         0.                 0.                 0.         
                3.0035E-06         2.53568E+03        0.               109.202E-09          0.                 1.23156E-03       54.9664E-06       455.657E-12          0.                 0.                 0.         
                3.75168E-06        3.1668E+03         4.3539E-03       399.361E-09          0.                 0.                63.7971E-06         9.36734E-09        0.                 0.                 0.         
                4.50425E-06        3.58456E+03       73.1467E-03         0.               379.258E-06          0.                69.2197E-06        50.6125E-09         0.                 0.                 0.         
                5.25247E-06        3.73626E+03      274.86E-03           0.               839.301E-06        770.68E-06          70.7628E-06       183.245E-09          0.                 0.                 0.         
                6.00069E-06        3.51655E+03      834.562E-03         20.9175E-09         0.               838.534E-06         68.3627E-06       529.008E-09          0.                 0.                 0.         
                6.75326E-06        3.04657E+03        5.18921            2.04576E-06      599.23E-06           0.                62.4527E-06         1.27315E-06        0.                 0.                 0.         
                7.50148E-06        2.44429E+03       21.1439            10.7878E-06         0.                 0.                53.8817E-06         2.65613E-06        0.                 0.                 0.         
                8.25405E-06        1.74769E+03       55.6113             0.               595.852E-06          0.                43.5246E-06         5.00896E-06        0.                 0.                 0.         
                9.00227E-06        1.09777E+03      134.596              0.                 0.                 0.                32.6662E-06         8.61137E-06        0.                 0.                 0.         
                9.75049E-06      608.915            284.86               0.               282.465E-06          0.                22.1884E-06        13.6689E-06         0.                 0.                 0.         
               10.5031E-06       256.244            519.963            196.682E-06        357.036E-06          0.                12.8387E-06        20.2729E-06       212.822E-12          0.                 0.         
               11.2513E-06        50.0652           881.217              1.1043E-03         0.               556.696E-06          5.14262E-06       28.1867E-06       765.794E-12          0.                 0.         
               12.0038E-06         0.                 1.35888E+03        3.52397E-03       52.6847E-06         0.              -785.047E-09         37.0012E-06         2.38106E-09        0.                 0.         
               12.7521E-06         0.                 1.87378E+03       12.7954E-03        37.2251E-06         0.                -5.05978E-06       45.9114E-06        11.3578E-09         0.                 0.         
               13.5003E-06         0.                 2.45301E+03       54.4971E-03         0.                 1.15541E-03       -8.03975E-06       54.1167E-06        38.388E-09          0.                 0.         
               14.2529E-06         0.                 2.92165E+03      183.126E-03          0.                 2.35026E-03       -9.99236E-06       60.683E-06        110.838E-09          0.                 0.         
               15.0011E-06         0.                 3.22129E+03      453.896E-03          0.                 0.               -11.2962E-06        64.7763E-06       282.8E-09            0.                 0.         
               15.7535E-06         0.                 3.3267E+03         1.14671            0.                 0.               -12.1323E-06        65.9541E-06       648.79E-09           0.                 0.         
               16.5016E-06         0.                 3.16044E+03        6.65701            2.50016E-03      927.318E-06        -12.798E-06         64.0052E-06         1.35539E-06        0.                 0.         
               17.254E-06          0.                 2.80771E+03       20.9616           542.515E-06        870.709E-06        -13.3318E-06        59.1932E-06         2.60511E-06        0.                 0.         
               18.0021E-06         0.                 2.3142E+03        48.9186           216.161E-06        439.584E-06        -13.8468E-06        52.1574E-06         4.64438E-06        0.                 0.         
               18.7501E-06         0.                 1.74079E+03      116.597              0.               544.087E-06        -14.3703E-06        43.6924E-06         7.73985E-06        0.                 0.         
               19.5026E-06         0.                 1.21879E+03      235.109              0.               454.18E-06         -14.8875E-06        34.6864E-06        12.1282E-06         0.                 0.         
               20.2506E-06         0.               781.855            430.466              0.                 1.51935E-03      -15.3868E-06        26.0087E-06        17.8866E-06         3.63798E-12        0.         
               21.003E-06          0.               442.319            735.926              8.8738E-03         0.               -15.9011E-06        18.226E-06         24.9893E-06       636.646E-12          0.         
               21.7511E-06         0.               221.265              1.12927E+03        3.55928E-03        1.15145E-03      -16.4296E-06        11.8118E-06        33.0556E-06         1.98997E-09        0.         
               22.5035E-06         0.                93.0992             1.62554E+03       12.0811E-03       404.335E-06        -16.9625E-06         6.80648E-06       41.6235E-06         8.67294E-09        0.         
               23.2516E-06         0.                26.175              2.15133E+03       27.8614E-03       218.132E-06        -17.4506E-06         3.22804E-06       49.8634E-06        30.3044E-09         0.         
               24.004E-06          0.                 1.35976            2.65534E+03      138.19E-03         323.278E-06        -17.9938E-06       788.685E-09         57.0256E-06        84.8086E-09         0.         
               24.752E-06          0.                 0.                 3.01783E+03      359.812E-03        388.279E-06        -18.511E-06       -711.676E-09         62.1822E-06       217.973E-09          0.         
               25.5001E-06         0.                 0.                 3.22811E+03      874.102E-03          0.               -19.0183E-06        -1.62232E-06       64.7957E-06       500.313E-09          0.         
               26.2525E-06         0.                 0.                 3.19467E+03        3.41368            0.               -19.5354E-06        -2.13372E-06       64.518E-06          1.05845E-06        0.         
               27.0006E-06         0.                 0.                 2.96475E+03       14.8596           101.541E-06        -20.0405E-06        -2.39087E-06       61.3822E-06         2.06571E-06        0.         
               27.753E-06          0.                 0.                 2.56903E+03       33.4256           838.65E-06         -20.5769E-06        -2.56339E-06       55.7739E-06         3.7511E-06         0.         
               28.5011E-06         0.                 0.                 2.03733E+03       86.6401           764.968E-06        -21.0653E-06        -2.67812E-06       48.3649E-06         6.35081E-06        0.         
               29.2535E-06         0.                 0.                 1.52894E+03      172.443              8.11687E-03      -21.612E-06         -2.76169E-06       39.9546E-06        10.1401E-06         0.         
               30.0015E-06         0.                 0.                 1.03606E+03      338.623              0.               -22.1085E-06        -2.84154E-06       31.4476E-06        15.2448E-06         0.         
               30.754E-06          0.                 0.               662.174            588.721              0.               -22.6311E-06        -2.91991E-06       23.4425E-06        21.7147E-06       407.454E-12  
               31.5024E-06         0.                 0.               387.214            932.706              0.               -23.1296E-06        -3.02451E-06       16.5666E-06        29.2945E-06         1.34605E-09
               32.2508E-06         0.                 0.               191.933              1.38993E+03        3.54696E-03      -23.652E-06         -3.09621E-06       10.9821E-06        37.6015E-06         4.64206E-09
               33.0035E-06         0.                 0.                96.7935             1.88181E+03       24.6754E-03       -24.176E-06         -3.18453E-06        6.77077E-06       46.0167E-06        18.7283E-09 
               33.7519E-06         0.                 0.                34.4615             2.41699E+03      113.227E-03        -24.6758E-06        -3.26656E-06        3.81742E-06       53.6784E-06        54.7006E-09 
               34.5003E-06         0.                 0.                11.0728             2.85444E+03      237.19E-03         -25.2056E-06        -3.34887E-06        1.85294E-06       59.78E-06         148.226E-09  
               35.253E-06          0.                 0.                 1.38654            3.12836E+03      628.557E-03        -25.7371E-06        -3.44047E-06      663.713E-09         63.636E-06        354.121E-09  
               36.0014E-06         0.                 0.                 0.                 3.21884E+03        1.3729           -26.2488E-06        -3.51691E-06      -18.0735E-09        64.7671E-06       770.815E-09  
               36.7541E-06         0.                 0.                 0.                 3.08056E+03        9.29371          -26.7567E-06        -3.6215E-06      -382.25E-09          62.9922E-06         1.55438E-06
               37.5025E-06         0.                 0.                 0.                 2.75968E+03       24.1633           -27.2688E-06        -3.68853E-06     -575.019E-09         58.5963E-06         2.89035E-06
               38.2509E-06         0.                 0.                 0.                 2.30642E+03       58.2952           -27.7909E-06        -3.78292E-06     -656.299E-09         52.0863E-06         5.03325E-06
               39.0036E-06         0.                 0.                 0.                 1.77371E+03      128.284            -28.3033E-06        -3.87577E-06     -692.802E-09         44.1446E-06         8.25267E-06
               39.752E-06          0.                 0.                 0.                 1.27683E+03      254.357            -28.8274E-06        -3.9573E-06      -735.105E-09         35.7362E-06        12.7054E-06 
               40.5003E-06         0.                 0.                 0.               858.652            452.795            -29.357E-06         -4.03501E-06     -752.72E-09          27.5307E-06        18.5172E-06 
               41.2531E-06         0.                 0.                 0.               504.555            764.784            -29.8429E-06        -4.11996E-06     -780.397E-09         20.1321E-06        25.6162E-06 
               42.0014E-06         0.                 0.                 0.               295.799              1.16022E+03      -30.3689E-06        -4.22403E-06     -799.715E-09         13.9826E-06        33.617E-06  
               42.7542E-06         0.                 0.                 0.               149.434              1.6501E+03       -30.8678E-06        -4.29626E-06     -829.146E-09          9.13414E-06       42.0483E-06 
               43.5025E-06         0.                 0.                 0.                66.5534             2.16716E+03      -31.4027E-06        -4.37547E-06     -858.636E-09          5.62613E-06       50.0985E-06 
               44.2509E-06         0.                 0.                 0.                29.4459             2.65301E+03      -31.8941E-06        -4.46519E-06     -870.496E-09          3.22871E-06       56.9679E-06 
               45.0036E-06         0.                 0.                 0.                 9.82432            2.99408E+03      -32.4321E-06        -4.54512E-06     -903.703E-09          1.70048E-06       61.8254E-06 
               45.752E-06          0.                 0.                 0.                 1.25005            3.16661E+03      -32.9618E-06        -4.63449E-06     -920.358E-09        787.324E-09         63.9907E-06 
               46.5004E-06         0.                 0.                 0.               755.725E-03          3.08989E+03      -33.4594E-06        -4.71648E-06     -947.65E-09         282.103E-09         63.0781E-06 
               47.2531E-06         0.                 0.                 0.                 0.                 2.8091E+03       -33.9776E-06        -4.80756E-06     -968.997E-09         42.7099E-09        58.9684E-06 
               48.0015E-06         0.                 0.                 0.                46.9408E-03         2.31966E+03      -34.479E-06         -4.886E-06       -992.797E-09        -90.4838E-09        51.93E-06   
               48.7542E-06         0.                 0.                 0.                 0.                 1.6942E+03       -35.0257E-06        -4.9702E-06        -1.02372E-06     -147.556E-09         42.3259E-06 
               49.5026E-06         0.                 0.                 0.                 0.                 1.0383E+03       -35.5282E-06        -5.07124E-06       -1.03645E-06     -192.762E-09         30.9861E-06 
               50.251E-06          0.                 0.                 0.                 0.               477.137            -36.0535E-06        -5.1486E-06        -1.06802E-06     -210.246E-09         18.494E-06  
               51.0037E-06         0.                 0.                 0.                 0.                74.5495           -36.5747E-06        -5.23579E-06       -1.08522E-06     -237.029E-09          5.41376E-06
               51.7521E-06         0.                 0.                 0.                 0.                 0.               -37.0754E-06        -5.31567E-06       -1.10963E-06     -274.216E-09         -7.66924E-06
               52.5005E-06         0.                 0.                 0.                 0.                 0.               -37.5825E-06        -5.4171E-06        -1.13478E-06     -292.901E-09        -20.7043E-06 
               53.2532E-06         0.                 0.                 0.                 0.                 0.               -38.1071E-06        -5.49838E-06       -1.15563E-06     -328.415E-09        -33.8395E-06 
               54.0016E-06         0.                 0.                 0.                 0.                 0.               -38.6235E-06        -5.57003E-06       -1.18975E-06     -349.413E-09        -46.8882E-06 
               54.7543E-06         0.                 0.                 0.                 0.                 0.               -39.141E-06         -5.66732E-06       -1.20577E-06     -386.251E-09        -60.0199E-06 
               55.5027E-06         0.                 0.                 0.                 0.                 0.               -39.6439E-06        -5.74647E-06       -1.23796E-06     -410.932E-09        -73.0559E-06 
               56.251E-06          0.                 0.                 0.                 0.                 0.               -40.183E-06         -5.83344E-06       -1.25452E-06     -436.878E-09        -86.103E-06  
               57.0038E-06         0.                 0.                 0.                 0.                 0.               -40.6753E-06        -5.9136E-06        -1.27374E-06     -471.591E-09        -99.2257E-06 
               57.7521E-06         0.                 0.                 0.                 0.                 0.               -41.1916E-06        -6.00163E-06       -1.30387E-06     -494.03E-09        -112.286E-06  
               58.5005E-06         0.                 0.                 0.                 0.                 0.               -41.7117E-06        -6.08448E-06       -1.32524E-06     -528.38E-09        -125.325E-06  
               59.2532E-06         0.                 0.                 0.                 0.                 0.               -42.2405E-06        -6.16247E-06       -1.35798E-06     -555.214E-09       -138.449E-06  
               60.0016E-06         0.                 0.                 0.                 0.                 0.               -42.7655E-06        -6.26427E-06       -1.36993E-06     -584.383E-09       -151.504E-06  
               60.7543E-06         0.                 0.                 0.                 0.                 0.               -43.2603E-06        -6.34105E-06       -1.40011E-06     -619.162E-09       -164.623E-06  
               61.5027E-06         0.                 0.                 0.                 0.                 0.               -43.7993E-06        -6.42394E-06       -1.42046E-06     -640.452E-09       -177.671E-06  
               62.2511E-06         0.                 0.                 0.                 0.                 0.               -44.2863E-06        -6.51296E-06       -1.43536E-06     -678.65E-09        -190.728E-06  
               63.0038E-06         0.                 0.                 0.                 0.                 0.               -44.8219E-06        -6.60471E-06       -1.46608E-06     -697.59E-09        -203.872E-06  
               63.7522E-06         0.                 0.                 0.                 0.                 0.               -45.3327E-06        -6.69456E-06       -1.48887E-06     -732.027E-09       -216.906E-06  
               64.5006E-06         0.                 0.                 0.                 0.                 0.               -45.8579E-06        -6.76395E-06       -1.52183E-06     -757.413E-09       -229.962E-06  
               65.2533E-06         0.                 0.                 0.                 0.                 0.               -46.3644E-06        -6.86375E-06       -1.5366E-06      -778.673E-09       -243.079E-06  
               66.0017E-06         0.                 0.                 0.                 0.                 0.               -46.8685E-06        -6.94637E-06       -1.56096E-06     -817.337E-09       -256.142E-06  
               66.75E-06           0.                 0.                 0.                 0.                 0.               -47.3974E-06        -7.02833E-06       -1.58823E-06     -841.13E-09        -269.186E-06  
               67.5028E-06         0.                 0.                 0.                 0.                 0.               -47.9025E-06        -7.11322E-06       -1.60313E-06     -880.9E-09         -282.322E-06  
               68.2512E-06         0.                 0.                 0.                 0.                 0.               -48.4117E-06        -7.19725E-06       -1.63757E-06     -893.589E-09       -295.356E-06  
               69.0039E-06         0.                 0.                 0.                 0.                 0.               -48.9426E-06        -7.28763E-06       -1.65845E-06     -926.433E-09       -308.482E-06  
               69.7523E-06         0.                 0.                 0.                 0.                 0.               -49.4622E-06        -7.36047E-06       -1.68858E-06     -957.989E-09       -321.528E-06  
               70.5006E-06         0.                 0.                 0.                 0.                 0.               -49.9787E-06        -7.45738E-06       -1.70612E-06     -982.946E-09       -334.575E-06  
               71.2534E-06         0.                 0.                 0.                 0.                 0.               -50.4816E-06        -7.53884E-06       -1.72573E-06       -1.01907E-06     -347.705E-06  
               72.0017E-06         0.                 0.                 0.                 0.                 0.               -51.0068E-06        -7.61589E-06       -1.75656E-06       -1.04496E-06     -360.752E-06  
               72.7501E-06         0.                 0.                 0.                 0.                 0.               -51.5254E-06        -7.70798E-06       -1.76865E-06       -1.08509E-06     -373.813E-06  
               73.5028E-06         0.                 0.                 0.                 0.                 0.               -52.0317E-06        -7.79838E-06       -1.80324E-06       -1.10509E-06     -386.931E-06  
               74.2512E-06         0.                 0.                 0.                 0.                 0.               -52.573E-06         -7.88666E-06       -1.82257E-06       -1.12716E-06     -399.982E-06  
               75.E-06             0.                 0.                 0.                 0.                 0.               -53.0671E-06        -7.95972E-06       -1.85058E-06       -1.16143E-06     -413.034E-06  




