
                  X                  c1                 c3                 c5                 c7                 c9                 d1                 d3                 d5                 d7                 d9       

                0.                 2.32723            0.                 0.                 0.                 0.                 0.                 0.                 0.                 0.                 0.         
              750.259E-09        123.948              0.                 0.                 0.                 0.                 7.50244E-06        0.                 0.                 0.                 0.         
                1.50279E-06      346.774            796.675E-06          0.               794.887E-06        797.044E-06         14.9139E-06         0.                 0.                 0.                 0.         
                2.25097E-06      618.238            751.006E-06          0.               750.294E-06        745.619E-06         21.8974E-06         7.27596E-12        0.                 0.                 0.         
                3.0035E-06       910.334              0.                 0.                 0.                 9.51199E-03       28.2645E-06       154.387E-12          0.                 0.                 0.         
                3.75168E-06        1.18646E+03        0.                 1.07878E-06        0.                 0.                33.5775E-06         1.16665E-09        0.                 0.                 0.         
                4.50425E-06        1.41332E+03        9.28053E-03      559.217E-09          0.                 0.                37.6252E-06         9.25593E-09        0.                 0.                 0.         
                5.25247E-06        1.56129E+03       42.095E-03          0.                 0.                 0.                40.1118E-06        35.6595E-09         0.                 0.                 0.         
                6.00069E-06        1.60593E+03      178.214E-03         16.7543E-06         0.                 0.                40.9181E-06       104.825E-09          0.                 0.                 0.         
                6.75326E-06        1.55376E+03      423.063E-03         18.0281E-06       366.539E-06          0.                40.0359E-06       264.51E-09           0.                 0.                 0.         
                7.50148E-06        1.41519E+03        1.04881           15.945E-06          1.07589E-03      488.475E-06         37.5903E-06       570.24E-09           0.                 0.                 0.         
                8.25405E-06        1.19433E+03        4.59614           48.4137E-06         0.                 0.                33.8287E-06         1.1241E-06         0.                 0.                 0.         
                9.00227E-06      941.876             15.2227            53.5121E-06         0.                 1.28789E-03       29.1188E-06         2.01599E-06        0.                 0.                 0.         
                9.75049E-06      697.65              30.3908            72.5894E-06         0.               326.152E-06         23.8536E-06         3.36953E-06        0.                 0.                 0.         
               10.5031E-06       461.462             66.6604           152.629E-06          0.                 0.                18.3895E-06         5.28517E-06        0.                 0.                 0.         
               11.2513E-06       274.806            123.018            142.458E-06          0.                 0.                13.1574E-06         7.83072E-06       18.1899E-12         0.                 0.         
               12.0038E-06       136.816            204.814            397.582E-06          0.                 0.                 8.37701E-06       11.0439E-06       175.532E-12          0.                 0.         
               12.7521E-06        42.0528           335.626            975.334E-06        944.3E-06            1.28553E-03        4.2939E-06        14.8322E-06       527.507E-12          0.                 0.         
               13.5003E-06         1.79915          481.618              2.30868E-03        0.                 0.               982.607E-09         19.0573E-06         1.33059E-09        0.                 0.         
               14.2529E-06         0.               683.025              5.34702E-03        0.                 0.                -1.59526E-06       23.5288E-06         3.07864E-09        0.                 0.         
               15.0011E-06         0.               886.708             13.5598E-03         0.                 0.                -3.54089E-06       27.8824E-06        10.1736E-09         0.                 0.         
               15.7535E-06         0.                 1.0751E+03        44.2255E-03         0.               960.172E-06         -4.93054E-06       31.8137E-06        29.7368E-09         0.                 0.         
               16.5016E-06         0.                 1.2599E+03       128.522E-03          0.                 0.                -5.91682E-06       34.9963E-06        69.8874E-09         0.                 0.         
               17.254E-06          0.                 1.38631E+03      271.244E-03        179.825E-06          0.                -6.59459E-06       37.1407E-06       158.221E-09          0.                 0.         
               18.0021E-06         0.                 1.43144E+03      572.451E-03          0.                 0.                -7.09555E-06       38.0199E-06       326.729E-09          0.                 0.         
               18.7501E-06         0.                 1.41148E+03        1.15794            0.                 0.                -7.44894E-06       37.5798E-06       619.577E-09          0.                 0.         
               19.5026E-06         0.                 1.30874E+03        4.83379            0.                 9.64766E-03       -7.75197E-06       35.8273E-06         1.12233E-06        0.                 0.         
               20.2506E-06         0.                 1.13931E+03       14.0506             0.                 0.                -8.03501E-06       32.9731E-06         1.90134E-06        0.                 0.         
               21.003E-06          0.               948.702             27.2822             0.                 2.19124E-03       -8.30254E-06       29.2378E-06         3.07159E-06        0.                 0.         
               21.7511E-06         0.               749.247             52.9758             0.                 1.12663E-03       -8.57603E-06       24.9962E-06         4.71064E-06        0.                 0.         
               22.5035E-06         0.               538.387            103.4                0.                 0.                -8.83972E-06       20.514E-06          6.90518E-06        0.                 0.         
               23.2516E-06         0.               381.767            166.408            693.481E-06          0.                -9.12443E-06       16.1506E-06         9.67864E-06      110.958E-12          0.         
               24.004E-06          0.               240.432            274.042              0.               886.168E-06         -9.3841E-06        12.1278E-06        13.0473E-06       425.644E-12          0.         
               24.752E-06          0.               142.386            406.339              6.76477E-03        1.2801E-03        -9.65189E-06        8.61559E-06       16.8847E-06         1.15688E-09        0.         
               25.5001E-06         0.                75.2661           568.81               0.                 1.29354E-03       -9.93029E-06        5.74779E-06       21.0284E-06         2.61753E-09        0.         
               26.2525E-06         0.                31.8486           763.926             17.9682E-03         0.               -10.2029E-06         3.4588E-06        25.2921E-06         7.40511E-09        0.         
               27.0006E-06         0.                11.5214           951.852             23.8227E-03       603.264E-06        -10.4701E-06         1.76532E-06       29.3013E-06        21.9297E-09         0.         
               27.753E-06          0.               944.879E-03          1.13074E+03       98.9101E-03         0.               -10.7392E-06       560.14E-09          32.7937E-06        53.4092E-09         0.         
               28.5011E-06         0.                 0.                 1.28626E+03      208.383E-03          0.               -11.0081E-06      -260.276E-09         35.4717E-06       117.714E-09          0.         
               29.2535E-06         0.                 0.                 1.38103E+03      432.511E-03        699.958E-06        -11.2806E-06      -776.752E-09         37.0795E-06       247.939E-09          0.         
               30.0015E-06         0.                 0.                 1.40339E+03      881.27E-03           1.67097E-03      -11.5375E-06        -1.11495E-06       37.464E-06        476.432E-09          0.         
               30.754E-06          0.                 0.                 1.35245E+03        1.97269            1.16729E-03      -11.8208E-06        -1.29671E-06       36.5931E-06       873.028E-09          0.         
               31.5024E-06         0.                 0.                 1.23566E+03        9.12944            0.               -12.0802E-06        -1.42371E-06       34.5458E-06         1.50745E-06        0.         
               32.2508E-06         0.                 0.                 1.05456E+03       20.6141             0.               -12.3523E-06        -1.49783E-06       31.5332E-06         2.45635E-06        0.         
               33.0035E-06         0.                 0.               880.729             36.2863             0.               -12.6216E-06        -1.54328E-06       27.7841E-06         3.8409E-06         0.         
               33.7519E-06         0.                 0.               687.573             76.71               0.               -12.8931E-06        -1.60382E-06       23.6565E-06         5.71657E-06        0.         
               34.5003E-06         0.                 0.               493.798            131.246              0.               -13.1689E-06        -1.63655E-06       19.3986E-06         8.14875E-06        0.         
               35.253E-06          0.                 0.               352.048            209.705              0.               -13.4235E-06        -1.69276E-06       15.3177E-06        11.1735E-06        43.6557E-12 
               36.0014E-06         0.                 0.               224.02             332.641              1.9062E-03       -13.7154E-06        -1.72723E-06       11.6268E-06        14.7232E-06       669.388E-12  
               36.7541E-06         0.                 0.               137.551            468.124              3.66055E-03      -13.9758E-06        -1.76417E-06        8.43302E-06       18.7006E-06         1.69894E-09
               37.5025E-06         0.                 0.                78.6456           652.836              0.               -14.2518E-06        -1.8206E-06         5.87392E-06       22.8683E-06         4.1E-09    
               38.2509E-06         0.                 0.                36.2239           845.526             11.9841E-03       -14.5145E-06        -1.8431E-06         3.8509E-06        26.9951E-06        12.6893E-09 
               39.0036E-06         0.                 0.                18.9281             1.01864E+03       55.0033E-03       -14.7949E-06        -1.91118E-06        2.36505E-06       30.7753E-06        34.4189E-09 
               39.752E-06          0.                 0.                 6.91832            1.19653E+03      123.272E-03        -15.0633E-06        -1.93529E-06        1.31433E-06       33.9102E-06        77.7945E-09 
               40.5003E-06         0.                 0.               992.941E-03          1.32581E+03      292.154E-03        -15.3231E-06        -1.98988E-06      622.145E-09         36.1322E-06       168.98E-09   
               41.2531E-06         0.                 0.               329.71E-03           1.38843E+03      603.437E-03        -15.6E-06           -2.027E-06        181.702E-09         37.2228E-06       340.777E-09  
               42.0014E-06         0.                 0.                 0.                 1.3821E+03         1.15756          -15.8642E-06        -2.06707E-06      -94.5874E-09        37.1036E-06       632.565E-09  
               42.7542E-06         0.                 0.                 0.                 1.29903E+03        4.97655          -16.1293E-06        -2.13E-06        -232.205E-09         35.7442E-06         1.12704E-06
               43.5025E-06         0.                 0.                 0.                 1.16132E+03       14.0049           -16.4022E-06        -2.15224E-06     -326.916E-09         33.3076E-06         1.88758E-06
               44.2509E-06         0.                 0.                 0.               983.251             26.7275           -16.6725E-06        -2.21783E-06     -367.974E-09         30.02E-06           3.01375E-06
               45.0036E-06         0.                 0.                 0.               800.724             50.8069           -16.945E-06         -2.24877E-06     -394.488E-09         26.132E-06          4.60749E-06
               45.752E-06          0.                 0.                 0.               610.638             99.6059           -17.2044E-06        -2.29929E-06     -417.116E-09         21.982E-06          6.71277E-06
               46.5004E-06         0.                 0.                 0.               440.411            160.236            -17.4789E-06        -2.33961E-06     -418.106E-09         17.8274E-06         9.39052E-06
               47.2531E-06         0.                 0.                 0.               303.261            260.171            -17.7578E-06        -2.37485E-06     -455.388E-09         13.9388E-06        12.649E-06  
               48.0015E-06         0.                 0.                 0.               185.217            389.302            -18.0156E-06        -2.43494E-06     -449.45E-09          10.4871E-06        16.3781E-06 
               48.7542E-06         0.                 0.                 0.               117.399            542.958            -18.3004E-06        -2.46325E-06     -468.543E-09          7.58145E-06       20.4533E-06 
               49.5026E-06         0.                 0.                 0.                66.2537           733.419            -18.5633E-06        -2.51496E-06     -483.975E-09          5.25959E-06       24.627E-06  
               50.251E-06          0.                 0.                 0.                31.8958           920.62             -18.8475E-06        -2.55422E-06     -488.995E-09          3.48309E-06       28.6091E-06 
               51.0037E-06         0.                 0.                 0.                16.6964             1.09149E+03      -19.1003E-06        -2.58859E-06     -512.395E-09          2.20204E-06       32.1094E-06 
               51.7521E-06         0.                 0.                 0.                 7.10291            1.24799E+03      -19.3783E-06        -2.64448E-06     -505.956E-09          1.29997E-06       34.8264E-06 
               52.5005E-06         0.                 0.                 0.                 1.35014            1.34924E+03      -19.6484E-06        -2.67202E-06     -541.6E-09          725.471E-09         36.4699E-06 
               53.2532E-06         0.                 0.                 0.               578.648E-03          1.36938E+03      -19.9124E-06        -2.7402E-06      -533.728E-09        357.468E-09         36.8528E-06 
               54.0016E-06         0.                 0.                 0.               117.471E-03          1.31642E+03      -20.1879E-06        -2.76709E-06     -551.154E-09        147.324E-09         35.8817E-06 
               54.7543E-06         0.                 0.                 0.                 5.82476E-03        1.18132E+03      -20.4527E-06        -2.81652E-06     -567.619E-09         26.1425E-09        33.5295E-06 
               55.5027E-06         0.                 0.                 0.                 0.               984.813            -20.7272E-06        -2.86444E-06     -570.937E-09        -41.6403E-09        29.9655E-06 
               56.251E-06          0.                 0.                 0.                 0.               775.023            -20.9821E-06        -2.89777E-06     -594.62E-09         -61.2272E-09        25.3342E-06 
               57.0038E-06         0.                 0.                 0.                 0.               518.671            -21.2605E-06        -2.96152E-06     -595.392E-09        -95.3441E-09        19.8435E-06 
               57.7521E-06         0.                 0.                 0.                 0.               306.829            -21.5333E-06        -2.98479E-06     -624.83E-09        -102.817E-09         13.8121E-06 
               58.5005E-06         0.                 0.                 0.                 0.               121.061            -21.7975E-06        -3.05107E-06     -628.286E-09       -115.12E-09           7.44035E-06
               59.2532E-06         0.                 0.                 0.                 0.                 3.03127          -22.0709E-06        -3.07797E-06     -637.199E-09       -137.516E-09        914.377E-09  
               60.0016E-06         0.                 0.                 0.                 0.                 0.               -22.3443E-06        -3.12329E-06     -663.778E-09       -143.511E-09         -5.5616E-06 
               60.7543E-06         0.                 0.                 0.                 0.                 0.               -22.6139E-06        -3.17079E-06     -665.124E-09       -174.274E-09        -12.082E-06  
               61.5027E-06         0.                 0.                 0.                 0.                 0.               -22.8835E-06        -3.20196E-06     -689.193E-09       -171.232E-09        -18.5772E-06 
               62.2511E-06         0.                 0.                 0.                 0.                 0.               -23.148E-06         -3.25969E-06     -689.572E-09       -202.839E-09        -25.0521E-06 
               63.0038E-06         0.                 0.                 0.                 0.                 0.               -23.4355E-06        -3.28965E-06     -710.97E-09        -215.499E-09        -31.5758E-06 
               63.7522E-06         0.                 0.                 0.                 0.                 0.               -23.6897E-06        -3.34271E-06     -722.655E-09       -223.969E-09        -38.0618E-06 
               64.5006E-06         0.                 0.                 0.                 0.                 0.               -23.9671E-06        -3.38076E-06     -718.304E-09       -253.E-09           -44.543E-06  
               65.2533E-06         0.                 0.                 0.                 0.                 0.               -24.233E-06         -3.41594E-06     -752.072E-09       -257.969E-09        -51.0669E-06 
               66.0017E-06         0.                 0.                 0.                 0.                 0.               -24.5013E-06        -3.47722E-06     -745.342E-09       -286.869E-09        -57.5482E-06 
               66.75E-06           0.                 0.                 0.                 0.                 0.               -24.7688E-06        -3.50651E-06     -770.349E-09       -286.454E-09        -64.0413E-06 
               67.5028E-06         0.                 0.                 0.                 0.                 0.               -25.0347E-06        -3.56671E-06     -771.135E-09       -315.697E-09        -70.5583E-06 
               68.2512E-06         0.                 0.                 0.                 0.                 0.               -25.3202E-06        -3.6003E-06      -790.678E-09       -330.387E-09        -77.0438E-06 
               69.0039E-06         0.                 0.                 0.                 0.                 0.               -25.5729E-06        -3.64804E-06     -806.482E-09       -333.348E-09        -83.5733E-06 
               69.7523E-06         0.                 0.                 0.                 0.                 0.               -25.8503E-06        -3.69775E-06     -803.811E-09       -359.549E-09        -90.0549E-06 
               70.5006E-06         0.                 0.                 0.                 0.                 0.               -26.1164E-06        -3.7244E-06      -839.733E-09       -366.592E-09        -96.5371E-06 
               71.2534E-06         0.                 0.                 0.                 0.                 0.               -26.3932E-06        -3.79255E-06     -838.212E-09       -389.715E-09       -103.054E-06  
               72.0017E-06         0.                 0.                 0.                 0.                 0.               -26.6584E-06        -3.81501E-06     -859.996E-09       -395.841E-09       -109.551E-06  
               72.7501E-06         0.                 0.                 0.                 0.                 0.               -26.9298E-06        -3.87383E-06     -867.12E-09        -414.504E-09       -116.032E-06  
               73.5028E-06         0.                 0.                 0.                 0.                 0.               -27.2091E-06        -3.90506E-06     -881.14E-09        -440.981E-09       -122.55E-06   
               74.2512E-06         0.                 0.                 0.                 0.                 0.               -27.4737E-06        -3.94893E-06     -901.971E-09       -440.079E-09       -129.041E-06  
               75.E-06             0.                 0.                 0.                 0.                 0.               -27.7391E-06        -3.99855E-06     -898.282E-09       -469.554E-09       -135.524E-06  




