
                  X                  c1                 c3                 c5                 c7                 c9                 d1                 d3                 d5                 d7                 d9       

                0.                 2.32723            0.                 0.                 0.                 0.                 0.                 0.                 0.                 0.                 0.         
              750.259E-09        124.154              0.                 0.                 0.                 0.                 7.50244E-06        0.                 0.                 0.                 0.         
                1.50279E-06      340.417            784.449E-06          0.               780.327E-06        831.925E-06         14.9139E-06         0.                 0.                 0.                 0.         
                2.25097E-06      595.357            740.938E-06          0.               741.484E-06        737.529E-06         21.9013E-06         7.38964E-12        0.                 0.                 0.         
                3.0035E-06       830.029              0.                10.3674E-06         0.                 1.6144E-03        28.2993E-06       153.705E-12          0.                 0.                 0.         
                3.75168E-06        1.09963E+03        1.21776E-03       16.4965E-06         0.                 1.49591E-03       33.7179E-06         1.1521E-09         0.                 0.                 0.         
                4.50425E-06        1.26786E+03        2.33443E-03        0.                 0.                 0.                37.9565E-06         8.89941E-09        0.                 0.                 0.         
                5.25247E-06        1.40089E+03       48.0206E-03         0.                 0.                29.5027E-03        40.7763E-06        34.0237E-09         0.                 0.                 0.         
                6.00069E-06        1.46166E+03      168.147E-03          0.                 0.                 0.                42.1413E-06        97.3473E-09         0.                 0.                 0.         
                6.75326E-06        1.43377E+03      406.266E-03          0.                 0.                 0.                41.9462E-06       244.785E-09          0.                 0.                 0.         
                7.50148E-06        1.32086E+03      957.637E-03          0.                 5.70787E-03        0.                40.3084E-06       519.188E-09          0.                 0.                 0.         
                8.25405E-06        1.13072E+03        3.38884            0.                 0.                 1.00453E-03       37.4241E-06         1.00984E-06        0.                 0.                 0.         
                9.00227E-06      885.4               12.7445             0.               385.827E-06          0.                33.6161E-06         1.79179E-06        0.                 0.                 0.         
                9.75049E-06      639.206             25.8282             0.                 0.               413.531E-06         29.2278E-06         2.9639E-06         0.                 0.                 0.         
               10.5031E-06       393.605             51.4025             0.               779.449E-06          0.                24.5931E-06         4.60405E-06        0.                 0.                 0.         
               11.2513E-06       181.694             99.4049             0.               311.037E-06          0.                20.1677E-06         6.77233E-06        0.                 0.                 0.         
               12.0038E-06        50.5844           161.876            134.663E-06        960.827E-06          0.                16.1919E-06         9.50459E-06      142.791E-12          0.                 0.         
               12.7521E-06         0.               262.237            651.962E-06        746.379E-06          0.                12.835E-06         12.7167E-06       429.281E-12          0.                 0.         
               13.5003E-06         0.               376.995              1.76147E-03      592.809E-06          0.                10.1836E-06        16.331E-06          1.08321E-09        0.                 0.         
               14.2529E-06         0.               516.622              4.17894E-03      686.832E-06          0.                 8.15534E-06       20.1735E-06         2.46291E-09        0.                 0.         
               15.0011E-06         0.               673.144              9.86614E-03        0.                 0.                 6.69815E-06       24.0265E-06         6.73481E-09        0.                 0.         
               15.7535E-06         0.               801.535             27.6273E-03         0.                 0.                 5.70733E-06       27.636E-06         20.1271E-09         0.                 0.         
               16.5016E-06         0.               947.346             89.016E-03          0.                 0.                 5.07414E-06       30.7101E-06        48.9417E-09         0.                 0.         
               17.254E-06          0.                 1.0617E+03       185.246E-03          0.                 0.                 4.73282E-06       33.048E-06        106.766E-09          0.                 0.         
               18.0021E-06         0.                 1.11231E+03      379.7E-03            0.                 0.                 4.49801E-06       34.3937E-06       220.76E-09           0.                 0.         
               18.7501E-06         0.                 1.12661E+03      780.382E-03        398.073E-06          0.                 4.3672E-06        34.6985E-06       420.883E-09          0.                 0.         
               19.5026E-06         0.                 1.07176E+03        1.38959            0.                 0.                 4.23934E-06       33.9046E-06       755.419E-09          0.                 0.         
               20.2506E-06         0.               962.829              6.84451            0.                20.8473E-03         4.12607E-06       32.1334E-06         1.28533E-06        0.                 0.         
               21.003E-06          0.               811.78              16.3653             0.                 0.                 3.99299E-06       29.5634E-06         2.06342E-06        0.                 0.         
               21.7511E-06         0.               629.419             28.6145             0.                 0.                 3.86853E-06       26.4257E-06         3.16566E-06        0.                 0.         
               22.5035E-06         0.               467.915             52.6023             1.30317E-03        0.                 3.76662E-06       23.0108E-06         4.65672E-06        0.                 0.         
               23.2516E-06         0.               308.89              96.4066             1.03462E-03        0.                 3.63887E-06       19.5371E-06         6.54409E-06        0.                 0.         
               24.004E-06          0.               173.939            148.626              0.                 0.                 3.51781E-06       16.2593E-06         8.87658E-06      180.08E-12           0.         
               24.752E-06          0.                72.0596           224.437              2.61267E-03        0.                 3.39917E-06       13.3823E-06        11.593E-06        532.964E-12          0.         
               25.5001E-06         0.                17.1738           327.189             21.5385E-03         0.                 3.2725E-06        10.9827E-06        14.6382E-06         1.30422E-09        0.         
               26.2525E-06         0.                 0.               423.287              5.15607E-03        0.                 3.14821E-06        9.1375E-06        17.8934E-06         2.81761E-09        0.         
               27.0006E-06         0.                 0.               558.569             14.1701E-03         0.                 3.02473E-06        7.75912E-06       21.1631E-06         7.02312E-09        0.         
               27.753E-06          0.                 0.               684.49              26.157E-03          0.                 2.92331E-06        6.8389E-06        24.283E-06         19.4468E-09         0.         
               28.5011E-06         0.                 0.               778.765             88.9413E-03         0.                 2.80004E-06        6.23325E-06       26.9652E-06        45.8185E-09         0.         
               29.2535E-06         0.                 0.               866.099            176.039E-03          0.                 2.66661E-06        5.90298E-06       29.1095E-06        95.4697E-09         0.         
               30.0015E-06         0.                 0.               937.443            335.419E-03          0.                 2.56198E-06        5.75708E-06       30.5095E-06       191.312E-09          0.         
               30.754E-06          0.                 0.               952.913            649.314E-03          0.                 2.42763E-06        5.70535E-06       31.0594E-06       360.698E-09          0.         
               31.5024E-06         0.                 0.               935.121              1.20032          161.097E-06          2.31777E-06        5.72931E-06       30.7169E-06       630.022E-09          0.         
               32.2508E-06         0.                 0.               864.832              4.42952            0.                 2.18655E-06        5.73944E-06       29.5146E-06         1.05814E-06        0.         
               33.0035E-06         0.                 0.               743.278             11.7169             0.                 2.09044E-06        5.77626E-06       27.5738E-06         1.69778E-06        0.         
               33.7519E-06         0.                 0.               623.667             22.5194             0.                 1.95886E-06        5.79759E-06       25.0741E-06         2.58009E-06        0.         
               34.5003E-06         0.                 0.               493.386             36.0022             0.                 1.82526E-06        5.81376E-06       22.2416E-06         3.78123E-06        0.         
               35.253E-06          0.                 0.               349.199             68.8992             0.                 1.71616E-06        5.85701E-06       19.2456E-06         5.34477E-06        0.         
               36.0014E-06         0.                 0.               225.283            112.95             998.271E-06          1.58628E-06        5.87203E-06       16.3157E-06         7.25922E-06        0.         
               36.7541E-06         0.                 0.               131.015            163.556              1.56552E-03        1.47139E-06        5.92101E-06       13.6034E-06         9.5253E-06       247.383E-12  
               37.5025E-06         0.                 0.                57.2798           241.858              1.54735E-03        1.3415E-06         5.93461E-06       11.2228E-06        12.0842E-06       873.115E-12  
               38.2509E-06         0.                 0.                15.5652           335.157              0.                 1.23961E-06        5.95654E-06        9.28747E-06       14.8657E-06         1.92449E-09
               39.0036E-06         0.                 0.                 0.               418.411              6.16118E-03        1.11007E-06        5.99147E-06        7.7638E-06        17.7402E-06         4.04179E-09
               39.752E-06          0.                 0.                 0.               534.202              0.               977.023E-09          6.00395E-06        6.65274E-06       20.5506E-06        10.8084E-09 
               40.5003E-06         0.                 0.                 0.               640.347             12.7031E-03       867.061E-09          6.05681E-06        5.89278E-06       23.1328E-06        27.2885E-09 
               41.2531E-06         0.                 0.                 0.               720.164            110.758E-03        749.693E-09          6.06253E-06        5.40097E-06       25.3084E-06        59.8302E-09 
               42.0014E-06         0.                 0.                 0.               778.55             207.426E-03        628.555E-09          6.10725E-06        5.13705E-06       26.9308E-06       118.376E-09  
               42.7542E-06         0.                 0.                 0.               802.775            402.807E-03        509.637E-09          6.12273E-06        4.98651E-06       27.8744E-06       227.577E-09  
               43.5025E-06         0.                 0.                 0.               806.261            739.709E-03        394.582E-09          6.14945E-06        4.94724E-06       28.1054E-06       410.455E-09  
               44.2509E-06         0.                 0.                 0.               777.105              1.33248          280.386E-09          6.18193E-06        4.94946E-06       27.6041E-06       695.411E-09  
               45.0036E-06         0.                 0.                 0.               719.075              5.3074           136.788E-09          6.19137E-06        4.95957E-06       26.4046E-06         1.13729E-06
               45.752E-06          0.                 0.                 0.               634.155             12.8791            34.7136E-09         6.23894E-06        4.99181E-06       24.6347E-06         1.77261E-06
               46.5004E-06         0.                 0.                 0.               532.95              23.4652           -87.2242E-09         6.25529E-06        5.00301E-06       22.3982E-06         2.63449E-06
               47.2531E-06         0.                 0.                 0.               415.928             36.3142          -209.839E-09          6.29058E-06        5.04051E-06       19.8907E-06         3.78769E-06
               48.0015E-06         0.                 0.                 0.               291.2               66.6315          -331.747E-09          6.31445E-06        5.04998E-06       17.2808E-06         5.25135E-06
               48.7542E-06         0.                 0.                 0.               200.499            108.757           -454.616E-09          6.33355E-06        5.07214E-06       14.7343E-06         7.04128E-06
               49.5026E-06         0.                 0.                 0.               123.128            154.951           -565.466E-09          6.37227E-06        5.09855E-06       12.4041E-06         9.11915E-06
               50.251E-06          0.                 0.                 0.                59.7156           220.99            -710.599E-09          6.38697E-06        5.10956E-06       10.3434E-06        11.4478E-06 
               51.0037E-06         0.                 0.                 0.                22.1902           306.669           -811.255E-09          6.42738E-06        5.14283E-06        8.64407E-06       13.9675E-06 
               51.7521E-06         0.                 0.                 0.                 5.21597          385.191           -936.532E-09          6.45041E-06        5.15533E-06        7.30565E-06       16.523E-06  
               52.5005E-06         0.                 0.                 0.                 0.               468.874             -1.05608E-06        6.47289E-06        5.18431E-06        6.32172E-06       19.0097E-06 
               53.2532E-06         0.                 0.                 0.                 0.               567.132             -1.18084E-06        6.5128E-06         5.19958E-06        5.63974E-06       21.305E-06  
               54.0016E-06         0.                 0.                 0.                 0.               641.745             -1.29479E-06        6.52145E-06        5.21761E-06        5.19772E-06       23.2025E-06 
               54.7543E-06         0.                 0.                 0.                 0.               695.607             -1.4094E-06         6.5687E-06         5.24847E-06        4.95029E-06       24.5844E-06 
               55.5027E-06         0.                 0.                 0.                 0.               720.669             -1.54364E-06        6.57264E-06        5.25662E-06        4.80969E-06       25.3215E-06 
               56.251E-06          0.                 0.                 0.                 0.               712.535             -1.65338E-06        6.61325E-06        5.28942E-06        4.77792E-06       25.3531E-06 
               57.0038E-06         0.                 0.                 0.                 0.               680.13              -1.76822E-06        6.64048E-06        5.30618E-06        4.77147E-06       24.6432E-06 
               57.7521E-06         0.                 0.                 0.                 0.               617.647             -1.89863E-06        6.66254E-06        5.33132E-06        4.79344E-06       23.2047E-06 
               58.5005E-06         0.                 0.                 0.                 0.               515.015             -2.01535E-06        6.70091E-06        5.35138E-06        4.8297E-06        21.1007E-06 
               59.2532E-06         0.                 0.                 0.                 0.               389.704             -2.13639E-06        6.70705E-06        5.36409E-06        4.84326E-06       18.41E-06   
               60.0016E-06         0.                 0.                 0.                 0.               270.844             -2.24847E-06        6.75485E-06        5.39995E-06        4.88735E-06       15.3071E-06 
               60.7543E-06         0.                 0.                 0.                 0.               147.292             -2.38392E-06        6.76563E-06        5.40889E-06        4.90203E-06       11.894E-06  
               61.5027E-06         0.                 0.                 0.                 0.                46.5781            -2.50166E-06        6.80263E-06        5.43938E-06        4.93747E-06        8.33391E-06
               62.2511E-06         0.                 0.                 0.                 0.                 0.                -2.6101E-06         6.82991E-06        5.45679E-06        4.96405E-06        4.73594E-06
               63.0038E-06         0.                 0.                 0.                 0.                 0.                -2.74996E-06        6.85152E-06        5.47778E-06        4.98885E-06        1.11825E-06
               63.7522E-06         0.                 0.                 0.                 0.                 0.                -2.85742E-06        6.89177E-06        5.50132E-06        5.02589E-06       -2.48061E-06
               64.5006E-06         0.                 0.                 0.                 0.                 0.                -2.98325E-06        6.90553E-06        5.51178E-06        5.04236E-06       -6.07743E-06
               65.2533E-06         0.                 0.                 0.                 0.                 0.                -3.08779E-06        6.93826E-06        5.54862E-06        5.08175E-06       -9.69919E-06
               66.0017E-06         0.                 0.                 0.                 0.                 0.                -3.22807E-06        6.96059E-06        5.55733E-06        5.1021E-06       -13.2941E-06 
               66.75E-06           0.                 0.                 0.                 0.                 0.                -3.34216E-06        6.9852E-06         5.58421E-06        5.13346E-06      -16.8931E-06 
               67.5028E-06         0.                 0.                 0.                 0.                 0.                -3.45311E-06        7.02884E-06        5.60717E-06        5.16526E-06      -20.5125E-06 
               68.2512E-06         0.                 0.                 0.                 0.                 0.                -3.58394E-06        7.03822E-06        5.62495E-06        5.18371E-06      -24.1141E-06 
               69.0039E-06         0.                 0.                 0.                 0.                 0.                -3.69786E-06        7.07981E-06        5.6513E-06         5.22658E-06      -27.7323E-06 
               69.7523E-06         0.                 0.                 0.                 0.                 0.                -3.81874E-06        7.0898E-06         5.66124E-06        5.24195E-06      -31.3318E-06 
               70.5006E-06         0.                 0.                 0.                 0.                 0.                -3.9313E-06         7.12342E-06        5.69721E-06        5.27552E-06      -34.9341E-06 
               71.2534E-06         0.                 0.                 0.                 0.                 0.                -4.06665E-06        7.15453E-06        5.71145E-06        5.30173E-06      -38.5492E-06 
               72.0017E-06         0.                 0.                 0.                 0.                 0.                -4.18803E-06        7.17209E-06        5.73313E-06        5.3267E-06       -42.1451E-06 
               72.7501E-06         0.                 0.                 0.                 0.                 0.                -4.29669E-06        7.2195E-06         5.75948E-06        5.36377E-06      -45.7421E-06 
               73.5028E-06         0.                 0.                 0.                 0.                 0.                -4.4265E-06         7.22455E-06        5.772E-06          5.3788E-06       -49.3612E-06 
               74.2512E-06         0.                 0.                 0.                 0.                 0.                -4.54572E-06        7.27009E-06        5.80266E-06        5.42152E-06      -52.9581E-06 
               75.E-06             0.                 0.                 0.                 0.                 0.                -4.65917E-06        7.28182E-06        5.81185E-06        5.43738E-06      -56.5589E-06 




