
                  X                  c1                 c3                 c5                 c7                 c9                 d1                 d3                 d5                 d7                 d9       

                0.                 4.62771            0.                 0.                 0.                 0.                 0.                 0.                 0.                 0.                 0.         
              750.259E-09        351.486              0.                 0.                 0.                 0.                15.0046E-06         0.                 0.                 0.                 0.         
                1.50279E-06      903.612              0.                 0.                 0.                 0.                29.7247E-06         0.                 0.                 0.                 0.         
                2.25097E-06        1.53184E+03        0.                 4.24178E-09        0.                 0.                43.3132E-06        23.4195E-12         0.                 0.                 0.         
                3.0035E-06         2.09519E+03        0.               127.985E-09          0.                 3.52464E-03       55.3385E-06       446.107E-12          0.                 0.                 0.         
                3.75168E-06        2.58047E+03        5.91162E-03       75.6117E-09         0.                 2.7564E-03        64.9692E-06         8.72342E-09        0.                 0.                 0.         
                4.50425E-06        2.94255E+03       46.3037E-03         0.                 0.                 1.49014E-03       71.8324E-06        44.337E-09          0.                 0.                 0.         
                5.25247E-06        3.15294E+03      231.728E-03          1.56468E-06        0.                 0.                75.5049E-06       156.408E-09          0.                 0.                 0.         
                6.00069E-06        3.06839E+03      674.301E-03          1.11906E-06      216.476E-06          0.                75.8381E-06       431.482E-09          0.                 0.                 0.         
                6.75326E-06        2.78918E+03        2.73416            1.03875E-06        0.                 1.92437E-03       73.0755E-06         1.00223E-06        0.                 0.                 0.         
                7.50148E-06        2.27786E+03       14.8105           719.189E-09          7.45838E-03        1.54608E-03       67.7013E-06         2.03015E-06        0.                 0.                 0.         
                8.25405E-06        1.60706E+03       33.2453             2.86616E-06        0.                 0.                60.4711E-06         3.75432E-06        0.                 0.                 0.         
                9.00227E-06      904.244             85.1396             9.92703E-06        0.                 1.23362E-03       52.4849E-06         6.3256E-06         0.                 0.                 0.         
                9.75049E-06      375.427            155.359             52.6248E-06         0.               976.293E-06         44.544E-06          9.9071E-06         0.                 0.                 0.         
               10.5031E-06        51.9818           311.213            328.593E-06          2.62919E-03        0.                37.4716E-06        14.6227E-06       109.139E-12          0.                 0.         
               11.2513E-06         0.               508.956            922.388E-06          0.                 0.                31.7658E-06        20.3725E-06       478.394E-12          0.                 0.         
               12.0038E-06         0.               752.097              2.50046E-03        0.                 0.                27.4164E-06        26.961E-06          1.3988E-09         0.                 0.         
               12.7521E-06         0.                 1.06617E+03        6.13313E-03        0.                 0.                24.3582E-06        33.9893E-06         4.31646E-09        0.                 0.         
               13.5003E-06         0.                 1.37726E+03       20.446E-03          0.                 0.                22.4359E-06        40.9883E-06        16.551E-09          0.                 0.         
               14.2529E-06         0.                 1.70134E+03       78.9301E-03         0.                 0.                21.4275E-06        47.4002E-06        47.6393E-09         0.                 0.         
               15.0011E-06         0.                 1.90484E+03      200.515E-03          0.                 1.24447E-03       20.9669E-06        52.5412E-06       120.448E-09          0.                 0.         
               15.7535E-06         0.                 2.10677E+03      466.343E-03         64.0125E-06         0.                20.8664E-06        55.9912E-06       278.604E-09          0.                 0.         
               16.5016E-06         0.                 2.1783E+03         1.04541            0.                 0.                20.8973E-06        57.4044E-06       575.779E-09          0.                 0.         
               17.254E-06          0.                 2.07772E+03        4.54437            0.                 0.                20.9504E-06        56.6397E-06         1.11656E-06        0.                 0.         
               18.0021E-06         0.                 1.84035E+03       14.8948           444.173E-06          0.                20.9768E-06        53.9585E-06         2.00008E-06        0.                 0.         
               18.7501E-06         0.                 1.50496E+03       29.8635             0.               470.007E-06         20.9822E-06        49.7151E-06         3.36059E-06        0.                 0.         
               19.5026E-06         0.                 1.11261E+03       67.3233             0.                 0.                21.0542E-06        44.4342E-06         5.34128E-06        0.                 0.         
               20.2506E-06         0.               706.485            125.889            709.393E-06          0.                21.0987E-06        38.7784E-06         8.0281E-06         0.                 0.         
               21.003E-06          0.               364.546            217.337              0.                 0.                21.1364E-06        33.1787E-06        11.5194E-06         0.                 0.         
               21.7511E-06         0.               127.879            357.056              2.52086E-03      126.41E-06          21.1788E-06        28.2733E-06        15.7763E-06       349.246E-12          0.         
               22.5035E-06         0.                 8.05294          530.509              1.27404E-03        1.0103E-03        21.2162E-06        24.1924E-06        20.6779E-06         1.16415E-09        0.         
               23.2516E-06         0.                 0.               739.448              4.94688E-03        1.00257E-03       21.26E-06          21.1711E-06        25.9953E-06         2.93221E-09        0.         
               24.004E-06          0.                 0.               973.732              9.86658E-03        0.                21.26E-06          19.0466E-06        31.4453E-06        10.5283E-09         0.         
               24.752E-06          0.                 0.                 1.20079E+03       29.0594E-03         0.                21.336E-06         17.6842E-06        36.6095E-06        31.1411E-09         0.         
               25.5001E-06         0.                 0.                 1.39407E+03      118.361E-03          2.47526E-03       21.3726E-06        17.0173E-06        41.0838E-06        74.3639E-09         0.         
               26.2525E-06         0.                 0.                 1.56997E+03      296.323E-03        696.913E-06         21.4159E-06        16.6953E-06        44.5363E-06       171.072E-09          0.         
               27.0006E-06         0.                 0.                 1.66637E+03      629.504E-03        432.778E-06         21.4665E-06        16.6755E-06        46.5957E-06       354.299E-09          0.         
               27.753E-06          0.                 0.                 1.65704E+03        1.2628             0.                21.5213E-06        16.7786E-06        47.0737E-06       682.514E-09          0.         
               28.5011E-06         0.                 0.                 1.57674E+03        6.12441            0.                21.5489E-06        16.9124E-06        46.0014E-06         1.23469E-06        0.         
               29.2535E-06         0.                 0.                 1.39522E+03       16.3153             1.33698E-03       21.5561E-06        17.0773E-06        43.481E-06          2.10023E-06        0.         
               30.0015E-06         0.                 0.                 1.12682E+03       30.7459             0.                21.6145E-06        17.1728E-06        39.8805E-06         3.38107E-06        0.         
               30.754E-06          0.                 0.               849.18              64.2666             0.                21.6703E-06        17.3559E-06        35.5612E-06         5.16933E-06        0.         
               31.5024E-06         0.                 0.               573.163            116.409              7.19701E-03       21.7076E-06        17.4559E-06        30.9947E-06         7.55286E-06        0.         
               32.2508E-06         0.                 0.               322.772            188.509              0.                21.7545E-06        17.5921E-06        26.551E-06         10.5282E-06         0.         
               33.0035E-06         0.                 0.               145.183            305.37               1.12851E-03       21.7953E-06        17.7391E-06        22.5136E-06        14.1222E-06         0.         
               33.7519E-06         0.                 0.                38.2636           427.573              2.21521E-03       21.8303E-06        17.8686E-06        19.2044E-06        18.2057E-06         1.06229E-09
               34.5003E-06         0.                 0.                 0.               611.811              0.                21.838E-06         18.0315E-06        16.6498E-06        22.6072E-06         2.71393E-09
               35.253E-06          0.                 0.                 0.               779.182              0.                21.8937E-06        18.1321E-06        14.8318E-06        27.1369E-06         9.22591E-09
               36.0014E-06         0.                 0.                 0.               970.054             34.3561E-03        21.9507E-06        18.3008E-06        13.6836E-06        31.4061E-06        27.0593E-09 
               36.7541E-06         0.                 0.                 0.                 1.14235E+03      119.56E-03          21.9869E-06        18.4287E-06        12.9796E-06        35.1763E-06        63.7156E-09 
               37.5025E-06         0.                 0.                 0.                 1.24671E+03      247.382E-03         22.0436E-06        18.5509E-06        12.7179E-06        38.0666E-06       140.011E-09  
               38.2509E-06         0.                 0.                 0.                 1.31352E+03      506.252E-03         22.0848E-06        18.7105E-06        12.6318E-06        39.892E-06        287.197E-09  
               39.0036E-06         0.                 0.                 0.                 1.33979E+03        1.05176           22.1213E-06        18.8342E-06        12.7248E-06        40.5396E-06       542.037E-09  
               39.752E-06          0.                 0.                 0.                 1.27538E+03        3.22371           22.1261E-06        19.0078E-06        12.8348E-06        39.9015E-06       971.319E-09  
               40.5003E-06         0.                 0.                 0.                 1.15874E+03       10.9511            22.1894E-06        19.1128E-06        12.9552E-06        38.1242E-06         1.63584E-06
               41.2531E-06         0.                 0.                 0.               991.704             22.3793            22.2601E-06        19.2645E-06        13.1005E-06        35.3752E-06         2.62434E-06
               42.0014E-06         0.                 0.                 0.               789.661             38.3624            22.2839E-06        19.4043E-06        13.2058E-06        31.9651E-06         4.00882E-06
               42.7542E-06         0.                 0.                 0.               565.507             80.6392            22.33E-06          19.511E-06         13.354E-06         28.1859E-06         5.84548E-06
               43.5025E-06         0.                 0.                 0.               369.385            131.394             22.3573E-06        19.6846E-06        13.4613E-06        24.3683E-06         8.18721E-06
               44.2509E-06         0.                 0.                 0.               194.823            203.974             22.3992E-06        19.7927E-06        13.5967E-06        20.8441E-06        11.023E-06  
               45.0036E-06         0.                 0.                 0.                85.9292           313.35              22.4135E-06        19.9648E-06        13.727E-06         17.706E-06         14.3282E-06 
               45.752E-06          0.                 0.                 0.                22.8799           421.552             22.4697E-06        20.0706E-06        13.8418E-06        15.1924E-06        17.9333E-06 
               46.5004E-06         0.                 0.                 0.                 0.               576.963             22.5363E-06        20.2175E-06        13.9792E-06        13.257E-06         21.695E-06  
               47.2531E-06         0.                 0.                 0.                 0.               725.507             22.5572E-06        20.3665E-06        14.0887E-06        11.8975E-06        25.4283E-06 
               48.0015E-06         0.                 0.                 0.                 0.               847.999             22.6048E-06        20.4717E-06        14.2214E-06        11.0428E-06        28.7987E-06 
               48.7542E-06         0.                 0.                 0.                 0.               989.013             22.6433E-06        20.6542E-06        14.3512E-06        10.5214E-06        31.654E-06  
               49.5026E-06         0.                 0.                 0.                 0.                 1.0805E+03        22.6939E-06        20.7845E-06        14.465E-06         10.3085E-06        33.6561E-06 
               50.251E-06          0.                 0.                 0.                 0.                 1.11076E+03       22.7435E-06        20.9657E-06        14.6149E-06        10.2342E-06        34.6385E-06 
               51.0037E-06         0.                 0.                 0.                 0.                 1.09351E+03       22.8288E-06        21.1139E-06        14.7135E-06        10.2734E-06        34.5189E-06 
               51.7521E-06         0.                 0.                 0.                 0.                 1.01295E+03       22.9464E-06        21.2874E-06        14.87E-06          10.3424E-06        33.1962E-06 
               52.5005E-06         0.                 0.                 0.                 0.               871.124             23.017E-06         21.5016E-06        14.9729E-06        10.4232E-06        30.7959E-06 
               53.2532E-06         0.                 0.                 0.                 0.               676.693             23.1209E-06        21.6767E-06        15.1087E-06        10.5221E-06        27.4021E-06 
               54.0016E-06         0.                 0.                 0.                 0.               467.466             23.2493E-06        21.9362E-06        15.2397E-06        10.5857E-06        23.2873E-06 
               54.7543E-06         0.                 0.                 0.                 0.               243.293             23.4024E-06        22.1744E-06        15.3548E-06        10.6819E-06        18.6535E-06 
               55.5027E-06         0.                 0.                 0.                 0.                70.011             23.5713E-06        22.4411E-06        15.5092E-06        10.7595E-06        13.7406E-06 
               56.251E-06          0.                 0.                 0.                 0.                 0.                23.7566E-06        22.7234E-06        15.6055E-06        10.8349E-06         8.80837E-06
               57.0038E-06         0.                 0.                 0.                 0.                 0.                23.9888E-06        23.0087E-06        15.7639E-06        10.9238E-06         3.81183E-06
               57.7521E-06         0.               568.402E-03          0.                 0.                 0.                24.1776E-06        23.3746E-06        15.8731E-06        10.9898E-06        -1.13636E-06
               58.5005E-06         0.                 5.43742            0.                 0.                 0.                24.4052E-06        23.6759E-06        16.0236E-06        11.0985E-06        -6.08896E-06
               59.2532E-06         0.                 9.77096            0.                 0.                 0.                24.6525E-06        24.0647E-06        16.1737E-06        11.1531E-06       -11.083E-06  
               60.0016E-06         0.                18.2662             0.                 0.                 0.                24.912E-06         24.432E-06         16.3216E-06        11.2487E-06       -16.0187E-06 
               60.7543E-06         0.                24.3314             0.                 0.                 0.                25.1863E-06        24.8007E-06        16.4986E-06        11.3275E-06       -21.0211E-06 
               61.5027E-06         0.                34.2173             0.                 0.                 0.                25.4551E-06        25.1574E-06        16.6583E-06        11.4052E-06       -25.9622E-06 
               62.2511E-06         0.                42.7152             0.                 0.                 0.                25.7554E-06        25.4542E-06        16.8487E-06        11.4994E-06       -30.9215E-06 
               63.0038E-06         0.                49.8979           114.361E-03          0.                 0.                26.0075E-06        25.8059E-06        17.0534E-06        11.5684E-06       -35.9063E-06 
               63.7522E-06         0.                65.574              2.99109            0.                 0.                26.2757E-06        26.0291E-06        17.2547E-06        11.6739E-06       -40.857E-06  
               64.5006E-06         0.                68.8272             6.3363             0.                 0.                26.5642E-06        26.2538E-06        17.5067E-06        11.7324E-06       -45.8202E-06 
               65.2533E-06         0.                76.5901             8.43182            0.                 0.                26.8551E-06        26.4057E-06        17.724E-06         11.8214E-06       -50.7833E-06 
               66.0017E-06         0.                73.5012            14.1733             0.                 0.                27.1408E-06        26.4849E-06        17.9906E-06        11.9077E-06       -55.7473E-06 
               66.75E-06           0.                76.3001            22.4727             0.                 0.                27.411E-06         26.5132E-06        18.2197E-06        11.9852E-06       -60.6918E-06 
               67.5028E-06         0.                77.8363            24.4876             0.                 0.                27.7083E-06        26.4373E-06        18.4651E-06        12.079E-06        -65.6769E-06 
               68.2512E-06         0.                71.6826            30.7512             0.                 0.                27.9749E-06        26.3716E-06        18.7197E-06        12.1492E-06       -70.6396E-06 
               69.0039E-06         0.                64.929             39.3677             0.                 0.                28.2403E-06        26.1949E-06        18.9341E-06        12.2412E-06       -75.6124E-06 
               69.7523E-06         0.                62.7124            39.4376             0.                 0.                28.5413E-06        25.9838E-06        19.1818E-06        12.3107E-06       -80.5766E-06 
               70.5006E-06         0.                47.9325            48.3026             0.                 0.                28.8172E-06        25.7676E-06        19.3525E-06        12.3827E-06       -85.513E-06  
               71.2534E-06         0.                41.0661            49.0931             0.                 0.                29.1155E-06        25.4871E-06        19.5598E-06        12.4864E-06       -90.5037E-06 
               72.0017E-06         0.                33.4475            56.6878             0.                 0.                29.3974E-06        25.2502E-06        19.704E-06         12.5515E-06       -95.4599E-06 
               72.7501E-06         0.                32.4482            55.6144             0.                 0.                29.7193E-06        24.9499E-06        19.8495E-06        12.654E-06       -100.41E-06   
               73.5028E-06         0.                23.7844            64.5847             0.                 0.                30.0237E-06        24.7503E-06        19.9746E-06        12.719E-06       -105.407E-06  
               74.2512E-06         0.                17.4553            66.666              0.                 0.                30.3336E-06        24.5399E-06        20.0467E-06        12.8104E-06      -110.349E-06  
               75.E-06             0.                17.1609            66.4061             0.                 0.                30.7033E-06        24.3542E-06        20.1182E-06        12.8858E-06      -115.321E-06  




