
                  X                  c1                 c3                 c5                 c7                 c9                 d1                 d3                 d5                 d7                 d9       

                0.                 1.18874            0.                 0.                 0.                 0.                 0.                 0.                 0.                 0.                 0.         
              750.259E-09         37.4386             0.                 0.                 0.                 0.                 3.75125E-06        0.                 0.                 0.                 0.         
                1.50279E-06      115.604            370.379E-06          2.39298E-06      370.559E-06          0.                 7.47745E-06        0.                 0.                 0.                 0.         
                2.25097E-06      203.574            349.882E-06          2.39133E-06      349.523E-06          0.                11.0458E-06         2.78533E-12        0.                 0.                 0.         
                3.0035E-06       294.702            469.267E-06         48.1866E-09       475.92E-06           0.                14.4262E-06        51.5001E-12         0.                 0.                 0.         
                3.75168E-06      376.271            460.638E-06          0.                 1.00686E-03        0.                17.4579E-06       377.44E-12           0.                 0.                 0.         
                4.50425E-06      470.447             10.2897E-03         0.                 0.                 0.                20.0997E-06         1.35924E-09        0.                 0.                 0.         
                5.25247E-06      533.752              5.44368E-03        0.                 1.02916E-03        0.                22.2072E-06         4.80986E-09        0.                 0.                 0.         
                6.00069E-06      572.319             14.6459E-03        18.0935E-06       801.184E-06          0.                23.7305E-06        17.1292E-09         0.                 0.                -2.95586E-12
                6.75326E-06      593.444             90.5986E-03         0.                 0.                 0.                24.6544E-06        44.7703E-09         0.                 0.                -7.7307E-12 
                7.50148E-06      597.836            170.718E-03          0.                 0.               505.228E-06         24.9308E-06        98.3814E-09         0.                 0.               -10.0044E-12 
                8.25405E-06      580.034            368.012E-03          6.88882E-06        1.09798E-03      923.426E-06         24.6134E-06       199.643E-09          0.                 0.               -10.0044E-12 
                9.00227E-06      538.778            682.529E-03          0.               606.173E-06        104.378E-06         23.7176E-06       369.318E-09          0.                 0.               -10.0044E-12 
                9.75049E-06      471.965              1.19992            0.                 0.                 0.                22.3273E-06       627.516E-09          0.                 0.               -10.0044E-12 
               10.5031E-06       387.21               3.95637            3.35286E-06        0.                 1.14283E-03       20.5406E-06         1.01929E-06        0.                 0.               -10.0044E-12 
               11.2513E-06       293.634             10.6105             8.05492E-06        0.                 0.                18.4849E-06         1.56649E-06        0.                 0.               -10.0044E-12 
               12.0038E-06       192.473             19.2785            33.0827E-06         0.                 0.                16.2905E-06         2.29125E-06        0.                 0.               -10.0044E-12 
               12.7521E-06       109.364             30.0338            92.8098E-06         0.                 0.                14.1138E-06         3.21757E-06        0.                 0.               -10.0044E-12 
               13.5003E-06        46.6836            46.9867           143.914E-06          0.                 0.                12.0815E-06         4.36841E-06       61.8456E-12         0.               -10.0044E-12 
               14.2529E-06         7.06817           79.2837           331.015E-06          0.                 3.48672E-03       10.2757E-06         5.74919E-06      184.627E-12          0.               -10.0044E-12 
               15.0011E-06         0.               111.006            836.59E-06         277.525E-06          0.                 8.74419E-06        7.32282E-06      434.738E-12          0.               -10.0044E-12 
               15.7535E-06         0.               142.746              1.67958E-03        0.                 0.                 7.51348E-06        9.06505E-06      916.771E-12          0.               -10.0044E-12 
               16.5016E-06         0.               197.704              3.35412E-03        0.                 0.                 6.53161E-06       10.9181E-06         1.78625E-09        0.               -10.0044E-12 
               17.254E-06          0.               251.702              6.23789E-03        1.14909E-03        0.                 5.827E-06         12.8166E-06         3.34057E-09        0.               -10.0044E-12 
               18.0021E-06         0.               297.428             11.2112E-03         0.                 0.                 5.31431E-06       14.6411E-06         6.53472E-09        0.               -10.0044E-12 
               18.7501E-06         0.               332.475             22.8607E-03         0.                 0.                 4.98893E-06       16.3233E-06        14.9475E-09         0.               -10.0044E-12 
               19.5026E-06         0.               386.241             59.2846E-03         0.                 0.                 4.79727E-06       17.7831E-06        32.9155E-09         0.               -10.0044E-12 
               20.2506E-06         0.               429.584            116.752E-03          0.                 0.                 4.68442E-06       18.9214E-06        65.2308E-09         0.               -10.0044E-12 
               21.003E-06          0.               458.702            219.653E-03          0.                 0.                 4.64767E-06       19.6618E-06       118.323E-09          0.               -10.0044E-12 
               21.7511E-06         0.               467.311            376.777E-03          8.41895E-03        0.                 4.6118E-06        19.9601E-06       204.836E-09          0.               -10.0044E-12 
               22.5035E-06         0.               458.444            634.297E-03         10.7588E-03         0.                 4.60584E-06       19.7973E-06       344.892E-09          0.               -10.0044E-12 
               23.2516E-06         0.               432.143              1.0552             0.                 0.                 4.58678E-06       19.2009E-06       549.308E-09          0.               -10.0044E-12 
               24.004E-06          0.               386.764              2.21725            3.73471E-03        0.                 4.56856E-06       18.2103E-06       839.604E-09          0.               -10.9139E-12 
               24.752E-06          0.               320.991              6.85555            0.                 0.                 4.5632E-06        16.9115E-06         1.24184E-06        0.               -10.9139E-12 
               25.5001E-06         0.               258.255             13.1831             0.                 0.                 4.54292E-06       15.4023E-06         1.77786E-06        0.               -10.9139E-12 
               26.2525E-06         0.               201.603             21.5686             0.                 0.                 4.53589E-06       13.7648E-06         2.46556E-06        0.               -10.9139E-12 
               27.0006E-06         0.               140.677             31.3812             0.                 0.                 4.51866E-06       12.0929E-06         3.30735E-06        0.               -10.9139E-12 
               27.753E-06          0.                85.5863            46.4243           410.555E-06          0.                 4.50566E-06       10.4584E-06         4.3158E-06        93.678E-12        -10.9139E-12 
               28.5011E-06         0.                43.712             72.8865           531.961E-06          0.                 4.4997E-06         8.95676E-06        5.49128E-06      251.93E-12         -10.9139E-12 
               29.2535E-06         0.                11.2144           101.958              2.43703E-03        0.                 4.47023E-06        7.63516E-06        6.82096E-06      596.629E-12        -10.9139E-12 
               30.0015E-06         0.               401.773E-03        129.166              0.               511.169E-06          4.47312E-06        6.5386E-06         8.26466E-06        1.18416E-09      -10.9139E-12 
               30.754E-06          0.                 0.               162.129              8.40585E-03      319.326E-06          4.44619E-06        5.66336E-06        9.80007E-06        2.21189E-09      -10.9139E-12 
               31.5024E-06         0.                 0.               210.676             28.7052E-03         0.                 4.44006E-06        4.99568E-06       11.3585E-06         3.92174E-09      -10.9139E-12 
               32.2508E-06         0.                 0.               254.678             18.3956E-03         0.                 4.42155E-06        4.51288E-06       12.8688E-06         7.32325E-09      -10.9139E-12 
               33.0035E-06         0.                 0.               289.975             23.8278E-03         0.                 4.4053E-06         4.18008E-06       14.2604E-06        15.7033E-09       -10.9139E-12 
               33.7519E-06         0.                 0.               314.539             57.4785E-03         0.                 4.40056E-06        3.96796E-06       15.4593E-06        32.3744E-09       -10.9139E-12 
               34.5003E-06         0.                 0.               332.795            109.654E-03          0.                 4.36982E-06        3.85819E-06       16.4186E-06        62.1931E-09       -10.9139E-12 
               35.253E-06          0.                 0.               360.619            203.926E-03          0.                 4.3696E-06         3.80671E-06       17.103E-06        110.576E-09        -10.9139E-12 
               36.0014E-06         0.                 0.               374.952            336.208E-03        205.696E-06          4.3421E-06         3.802E-06         17.454E-06        184.957E-09        -10.9139E-12 
               36.7541E-06         0.                 0.               374.227            571.473E-03          0.                 4.33741E-06        3.81126E-06       17.4494E-06       302.585E-09        -10.9139E-12 
               37.5025E-06         0.                 0.               358.58             901.796E-03          0.                 4.3207E-06         3.83234E-06       17.105E-06        476.246E-09        -10.9139E-12 
               38.2509E-06         0.                 0.               327.339              1.3594             0.                 4.30789E-06        3.85086E-06       16.4292E-06       719.991E-09        -10.9139E-12 
               39.0036E-06         0.                 0.               288.207              4.72799            0.                 4.30082E-06        3.86766E-06       15.4798E-06         1.04956E-06      -10.9139E-12 
               39.752E-06          0.                 0.               248.911              9.73265            0.                 4.27683E-06        3.8872E-06        14.3301E-06         1.485E-06        -10.9139E-12 
               40.5003E-06         0.                 0.               204.345             16.4435             0.                 4.26901E-06        3.90441E-06       13.038E-06          2.04418E-06      -10.9139E-12 
               41.2531E-06         0.                 0.               156.012             24.7908             0.                 4.25427E-06        3.92109E-06       11.6722E-06         2.74076E-06      -10.9139E-12 
               42.0014E-06         0.                 0.               110.462             34.4728             1.56358E-03        4.23793E-06        3.93817E-06       10.3017E-06         3.57292E-06      -10.9139E-12 
               42.7542E-06         0.                 0.                66.8891            51.9862             0.                 4.23091E-06        3.95418E-06        8.98421E-06        4.54586E-06       96.4064E-12 
               43.5025E-06         0.                 0.                38.3745            76.4765             0.                 4.20838E-06        3.97504E-06        7.77759E-06        5.64014E-06      409.273E-12  
               44.2509E-06         0.                 0.                14.1378           101.921              1.38784E-03        4.20525E-06        3.9905E-06         6.71195E-06        6.82985E-06      900.4E-12    
               45.0036E-06         0.                 0.                 2.59569          126.652              2.38255E-03        4.17806E-06        4.01009E-06        5.80523E-06        8.09431E-06        1.68075E-09
               45.752E-06          0.                 0.                 0.               149.69               5.71048E-03        4.16797E-06        4.02754E-06        5.07364E-06        9.38822E-06        2.96495E-09
               46.5004E-06         0.                 0.                 0.               189.802              7.26911E-03        4.15603E-06        4.04282E-06        4.50647E-06       10.6795E-06         5.01132E-09
               47.2531E-06         0.                 0.                 0.               227.945             17.6097E-03         4.1331E-06         4.06318E-06        4.07653E-06       11.9174E-06         9.5406E-09 
               48.0015E-06         0.                 0.                 0.               259.711             17.1618E-03         4.13264E-06        4.07886E-06        3.77928E-06       13.0248E-06        19.6706E-09 
               48.7542E-06         0.                 0.                 0.               283.718             97.9215E-03         4.10356E-06        4.10317E-06        3.58184E-06       13.969E-06         38.3206E-09 
               49.5026E-06         0.                 0.                 0.               298.613            128.376E-03          4.10522E-06        4.11667E-06        3.46438E-06       14.6825E-06        70.344E-09  
               50.251E-06          0.                 0.                 0.               308.38             236.278E-03          4.07636E-06        4.13864E-06        3.40084E-06       15.1411E-06       120.208E-09  
               51.0037E-06         0.                 0.                 0.               311.944            370.845E-03          4.07144E-06        4.15538E-06        3.37005E-06       15.3251E-06       195.649E-09  
               51.7521E-06         0.                 0.                 0.               306.169            570.783E-03          4.05939E-06        4.17316E-06        3.36356E-06       15.2249E-06       310.32E-09   
               52.5005E-06         0.                 0.                 0.               294.348            885.422E-03          4.04073E-06        4.18966E-06        3.36431E-06       14.8555E-06       478.116E-09  
               53.2532E-06         0.                 0.                 0.               271.782              1.34494            4.03401E-06        4.20668E-06        3.37143E-06       14.2239E-06       712.342E-09  
               54.0016E-06         0.                 0.                 0.               241.619              4.32097            4.01102E-06        4.22698E-06        3.37937E-06       13.3802E-06         1.02211E-06
               54.7543E-06         0.                 0.                 0.               206.424              9.10927            4.0054E-06         4.24296E-06        3.38468E-06       12.3586E-06         1.42364E-06
               55.5027E-06         0.                 0.                 0.               167.829             15.1399             3.98543E-06        4.26095E-06        3.39228E-06       11.2293E-06         1.93144E-06
               56.251E-06          0.                 0.                 0.               126.429             22.6696             3.971E-06          4.27831E-06        3.39481E-06       10.0516E-06         2.55367E-06
               57.0038E-06         0.                 0.                 0.                86.9448            31.4917             3.96422E-06        4.29458E-06        3.40102E-06        8.87227E-06        3.30353E-06
               57.7521E-06         0.                 0.                 0.                60.9621            43.2156             3.94032E-06        4.31227E-06        3.40384E-06        7.76683E-06        4.17114E-06
               58.5005E-06         0.                 0.                 0.                37.4994            66.0948             3.93161E-06        4.33017E-06        3.40982E-06        6.747E-06          5.15214E-06
               59.2532E-06         0.                 0.                 0.                16.6399            90.3636             3.91161E-06        4.34972E-06        3.41778E-06        5.85074E-06        6.23088E-06
               60.0016E-06         0.                 0.                 0.                 6.60501          113.076              3.8989E-06         4.36915E-06        3.42242E-06        5.10378E-06        7.3629E-06 
               60.7543E-06         0.                 0.                 0.               524.958E-03        134.84               3.88941E-06        4.38485E-06        3.42975E-06        4.49165E-06        8.53206E-06
               61.5027E-06         0.                 0.                 0.                 0.               159.378              3.86633E-06        4.40759E-06        3.43235E-06        4.02952E-06        9.68607E-06
               62.2511E-06         0.                 0.                 0.                 0.               193.894              3.86999E-06        4.42111E-06        3.43836E-06        3.68685E-06       10.794E-06  
               63.0038E-06         0.                 0.                 0.                 0.               224.755              3.83855E-06        4.4427E-06         3.44274E-06        3.45543E-06       11.8012E-06 
               63.7522E-06         0.                 0.                 0.                 0.               248.861              3.83681E-06        4.45744E-06        3.44901E-06        3.30585E-06       12.6377E-06 
               64.5006E-06         0.                 0.                 0.                 0.               266.811              3.814E-06          4.4787E-06         3.45879E-06        3.22299E-06       13.2679E-06 
               65.2533E-06         0.                 0.                 0.                 0.               276.146              3.80486E-06        4.4957E-06         3.46345E-06        3.18646E-06       13.6473E-06 
               66.0017E-06         0.                 0.                 0.                 0.               279.007              3.7945E-06         4.51162E-06        3.47078E-06        3.17652E-06       13.7571E-06 
               66.75E-06           0.                 0.                 0.                 0.               272.499              3.77241E-06        4.53161E-06        3.47455E-06        3.18776E-06       13.5775E-06 
               67.5028E-06         0.                 0.                 0.                 0.               255.752              3.77147E-06        4.54529E-06        3.47991E-06        3.20529E-06       13.1036E-06 
               68.2512E-06         0.                 0.                 0.                 0.               229.46               3.74296E-06        4.56558E-06        3.48592E-06        3.22932E-06       12.3576E-06 
               69.0039E-06         0.                 0.                 0.                 0.               194.968              3.73562E-06        4.58098E-06        3.49019E-06        3.25223E-06       11.3473E-06 
               69.7523E-06         0.                 0.                 0.                 0.               153.131              3.71669E-06        4.60133E-06        3.4988E-06         3.27248E-06       10.1318E-06 
               70.5006E-06         0.                 0.                 0.                 0.               105.408              3.70368E-06        4.61785E-06        3.50226E-06        3.29966E-06        8.74514E-06
               71.2534E-06         0.                 0.                 0.                 0.                70.944              3.69315E-06        4.63567E-06        3.50882E-06        3.31866E-06        7.23629E-06
               72.0017E-06         0.                 0.                 0.                 0.                34.0071             3.67234E-06        4.65482E-06        3.51296E-06        3.34059E-06        5.65883E-06
               72.7501E-06         0.                 0.                 0.                 0.                 5.19747            3.6662E-06         4.67279E-06        3.51673E-06        3.36107E-06        4.03828E-06
               73.5028E-06         0.                 0.                 0.                 0.                 0.                 3.64717E-06        4.69031E-06        3.52388E-06        3.3838E-06         2.41798E-06
               74.2512E-06         0.                 0.                 0.                 0.                 0.                 3.63042E-06        4.71049E-06        3.52766E-06        3.40665E-06      798.069E-09  
               75.E-06             0.                 0.                 0.                 0.                 0.                 3.62521E-06        4.72705E-06        3.53701E-06        3.42658E-06     -818.851E-09  




